0 0.15625 0.5375 0.0578125 0.096875
0 0.2203125 0.4703125 0.053125 0.075
0 0.26796875 0.48046875 0.0265625 0.0578125
0 0.234375 0.5828125 0.0296875 0.04375
0 0.2546875 0.68046875 0.0484375 0.053125
0 0.3015625 0.67421875 0.0140625 0.0390625
0 0.34375 0.678125 0.034375 0.053125
0 0.328125 0.5875 0.0765625 0.0828125
0 0.2671875 0.578125 0.0234375 0.04375
0 0.33515625 0.48828125 0.084375 0.075
0 0.46640625 0.48828125 0.0515625 0.0515625
0 0.47109375 0.5765625 0.040625 0.04375
0 0.4734375 0.6609375 0.0453125 0.0625
0 0.54296875 0.50625 0.0515625 0.071875
0 0.5453125 0.5875 0.0515625 0.0625
0 0.546875 0.66484375 0.0515625 0.04375
0 0.4109375 0.4234375 0.053125 0.053125
0 0.5203125 0.42421875 0.0671875 0.0796875
0 0.7296875 0.459375 0.1015625 0.0578125
0 0.67578125 0.50859375 0.0359375 0.0359375
0 0.6828125 0.5734375 0.0359375 0.034375
0 0.7765625 0.58515625 0.065625 0.196875