0 0.32421875 0.9 0.1078125 0.1015625
0 0.5203125 0.884375 0.0515625 0.0484375
0 0.16328125 0.50859375 0.0796875 0.1328125
0 0.24765625 0.515625 0.0703125 0.1390625
0 0.32578125 0.4671875 0.0828125 0.209375
0 0.40234375 0.5109375 0.05625 0.1109375
0 0.4703125 0.51328125 0.0609375 0.128125
0 0.53359375 0.51328125 0.0625 0.125
0 0.59609375 0.459375 0.0515625 0.2140625
0 0.64765625 0.509375 0.0453125 0.103125
0 0.696875 0.50703125 0.0390625 0.10625
0 0.734375 0.525 0.0515625 0.303125
0 0.79296875 0.52265625 0.0390625 0.096875
0 0.834375 0.51796875 0.0359375 0.0828125
0 0.86796875 0.521875 0.0359375 0.0875
0 0.9078125 0.51953125 0.034375 0.0828125
0 0.975 0.5203125 0.03125 0.0859375
1 0.33671875 0.1109375 0.66875 0.2125