1 0.22578125 0.05234375 0.06875 0.1046875
1 0.315625 0.05390625 0.115625 0.1078125
1 0.415625 0.06015625 0.08125 0.1203125
1 0.4984375 0.0625 0.0734375 0.125
1 0.54609375 0.08125 0.0484375 0.1328125
1 0.196875 0.1453125 0.059375 0.0640625
1 0.275 0.16953125 0.1 0.153125
1 0.4125 0.175 0.1703125 0.1234375
1 0.51484375 0.1703125 0.0609375 0.0625
1 0.58515625 0.1125 0.0359375 0.059375
1 0.5578125 0.1609375 0.0265625 0.025
1 0.19296875 0.23671875 0.0640625 0.0859375
1 0.22890625 0.36171875 0.059375 0.1140625
1 0.2734375 0.3171875 0.0828125 0.1359375
1 0.20859375 0.46796875 0.0609375 0.06875
1 0.3484375 0.2921875 0.053125 0.090625
1 0.421875 0.26015625 0.0984375 0.103125
1 0.7265625 0.05078125 0.10625 0.1015625
1 0.7171875 0.16875 0.0796875 0.121875
1 0.6359375 0.21953125 0.06875 0.071875
1 0.2921875 0.42265625 0.0625 0.0734375
1 0.25078125 0.459375 0.0203125 0.0609375
1 0.3109375 0.49296875 0.053125 0.0671875
1 0.696875 0.253125 0.034375 0.0421875
1 0.55546875 0.27578125 0.0828125 0.109375
1 0.40859375 0.39375 0.04375 0.096875
1 0.42578125 0.47109375 0.0625 0.0484375
0 0.36953125 0.521875 0.046875 0.1109375
0 0.44765625 0.375 0.03125 0.053125
0 0.59140625 0.3640625 0.03125 0.05625
0 0.6234375 0.340625 0.0359375 0.0546875
0 0.65 0.28984375 0.0296875 0.0203125
0 0.6578125 0.3203125 0.0203125 0.0359375
0 0.271875 0.5703125 0.0875 0.1
0 0.28046875 0.61796875 0.046875 0.0796875
0 0.36328125 0.60390625 0.0578125 0.0671875
0 0.328125 0.64921875 0.05 0.0625
0 0.3 0.69921875 0.03125 0.040625
0 0.490625 0.403125 0.0484375 0.0609375
0 0.4859375 0.46796875 0.053125 0.0578125
0 0.41640625 0.66328125 0.021875 0.059375
0 0.44921875 0.634375 0.034375 0.0625
0 0.478125 0.60234375 0.0265625 0.06875
0 0.51484375 0.575 0.025 0.0453125
0 0.60390625 0.6125 0.028125 0.0390625
0 0.66328125 0.5140625 0.01875 0.034375
0 0.70546875 0.4546875 0.0265625 0.03125
1 0.80546875 0.34140625 0.021875 0.0375
0 0.43046875 0.546875 0.065625 0.084375
0 0.1984375 0.553125 0.0328125 0.0515625