1 0.67734375 0.07421875 0.10625 0.1359375
1 0.790625 0.0796875 0.10625 0.13125
1 0.92265625 0.07421875 0.140625 0.1359375
1 0.6 0.09921875 0.0375 0.1046875
1 0.640625 0.20859375 0.09375 0.1015625
1 0.73515625 0.21171875 0.0703125 0.1171875
1 0.809375 0.2109375 0.0671875 0.1015625
1 0.92265625 0.2078125 0.1453125 0.103125
1 0.6703125 0.315625 0.0890625 0.096875
1 0.77578125 0.328125 0.1109375 0.0984375
1 0.88125 0.32578125 0.0828125 0.0984375
1 0.95859375 0.3203125 0.0703125 0.103125
1 0.63984375 0.434375 0.0859375 0.1015625
1 0.73125 0.440625 0.0828125 0.1015625
1 0.82578125 0.45078125 0.0828125 0.10625
1 0.9328125 0.45078125 0.1125 0.1359375
1 0.58203125 0.4671875 0.0328125 0.09375
1 0.63125 0.5671875 0.1125 0.10625
1 0.7375 0.5640625 0.08125 0.109375
1 0.82890625 0.57734375 0.0859375 0.115625
1 0.9359375 0.5875 0.109375 0.1015625
1 0.5875 0.675 0.0953125 0.0984375
1 0.69140625 0.678125 0.096875 0.1015625
1 0.79765625 0.68515625 0.090625 0.090625
1 0.88671875 0.6953125 0.0765625 0.0890625
1 0.9671875 0.6921875 0.0609375 0.0828125
1 0.5984375 0.7890625 0.0875 0.0953125
1 0.6921875 0.78984375 0.0875 0.090625
1 0.7921875 0.7859375 0.09375 0.084375
1 0.88984375 0.7890625 0.075 0.0703125
1 0.9625 0.7828125 0.0609375 0.0625
1 0.521875 0.86953125 0.0640625 0.0953125
1 0.6078125 0.87890625 0.1 0.06875
1 0.70859375 0.88046875 0.0890625 0.0765625
1 0.80078125 0.8765625 0.084375 0.0734375
1 0.8890625 0.8734375 0.071875 0.0765625
1 0.9625 0.87734375 0.0578125 0.0796875
1 0.390625 0.8921875 0.059375 0.1
1 0.46171875 0.92890625 0.0734375 0.1125
1 0.5390625 0.95703125 0.06875 0.0625
1 0.61875 0.96015625 0.0765625 0.06875
1 0.70859375 0.96484375 0.075 0.0625
1 0.796875 0.96484375 0.0703125 0.06875
1 0.87578125 0.9609375 0.0546875 0.0703125
1 0.95546875 0.95390625 0.075 0.065625
1 0.3765625 0.96484375 0.0828125 0.0578125