0 0.19765625 0.5640625 0.025 0.0328125
0 0.26484375 0.61015625 0.046875 0.06875
0 0.30078125 0.65546875 0.06875 0.059375
0 0.3015625 0.6890625 0.0265625 0.034375
0 0.3515625 0.60078125 0.0421875 0.05
0 0.359375 0.54296875 0.0453125 0.0578125
0 0.36015625 0.48515625 0.0515625 0.0609375
0 0.3890625 0.553125 0.0359375 0.0671875
0 0.38125 0.6078125 0.034375 0.040625
0 0.346875 0.65078125 0.0234375 0.040625
0 0.4953125 0.40234375 0.046875 0.053125
0 0.59765625 0.3578125 0.04375 0.05
0 0.65546875 0.30859375 0.04375 0.0625
0 0.70234375 0.45078125 0.025 0.025
0 0.6765625 0.47109375 0.0234375 0.0296875
0 0.66015625 0.51015625 0.0203125 0.040625
0 0.60234375 0.61875 0.0234375 0.0359375
1 0.803125 0.24765625 0.0296875 0.0671875
1 0.80546875 0.34453125 0.03125 0.0734375
1 0.42421875 0.525 0.03125 0.096875
1 0.42734375 0.64921875 0.025 0.0875
1 0.20625 0.05078125 0.1109375 0.0921875
1 0.29296875 0.05390625 0.0765625 0.09375
1 0.3625 0.07265625 0.08125 0.1265625
1 0.44296875 0.065625 0.08125 0.121875
1 0.22421875 0.14375 0.071875 0.121875
1 0.30625 0.1640625 0.096875 0.13125
1 0.4140625 0.19921875 0.10625 0.1125
1 0.23515625 0.26640625 0.078125 0.109375
1 0.31953125 0.30234375 0.084375 0.13125
1 0.4015625 0.3234375 0.078125 0.1234375
1 0.471875 0.30234375 0.05 0.090625
1 0.49296875 0.15 0.0453125 0.1296875
1 0.49296875 0.24375 0.0640625 0.1140625
1 0.53515625 0.14609375 0.0375 0.10625
1 0.2265625 0.37109375 0.0796875 0.1359375
1 0.2921875 0.40078125 0.0671875 0.090625
1 0.30234375 0.45390625 0.040625 0.0703125
1 0.2078125 0.4765625 0.05625 0.0453125
1 0.2796875 0.53515625 0.028125 0.0515625
1 0.68671875 0.040625 0.0578125 0.08125
1 0.73203125 0.053125 0.05 0.090625
1 0.70546875 0.15 0.0625 0.0828125
1 0.6515625 0.23046875 0.0609375 0.0578125