0 0.32421875 0.471875 0.040625 0.0953125
0 0.36328125 0.43828125 0.046875 0.1
0 0.309375 0.5546875 0.05 0.0796875
0 0.2828125 0.590625 0.03125 0.08125
0 0.36875 0.52578125 0.0484375 0.0671875
0 0.36796875 0.60859375 0.05 0.075
0 0.35 0.65546875 0.096875 0.115625
0 0.028125 0.3734375 0.0359375 0.0671875
0 0.03359375 0.44296875 0.0546875 0.1
1 0.453125 0.5171875 0.053125 0.0859375
1 0.4390625 0.61015625 0.0546875 0.0984375
1 0.49765625 0.4921875 0.059375 0.0953125
1 0.46796875 0.68203125 0.065625 0.0828125
1 0.07109375 0.16796875 0.0515625 0.0796875
1 0.09765625 0.11953125 0.0546875 0.078125
1 0.16015625 0.0953125 0.0640625 0.115625
1 0.08515625 0.26171875 0.05 0.0953125
1 0.1359375 0.2109375 0.075 0.1
1 0.1453125 0.31171875 0.0625 0.1046875
1 0.2328125 0.24453125 0.1125 0.1671875
1 0.1046875 0.3484375 0.0609375 0.0921875
1 0.221875 0.103125 0.065625 0.121875
1 0.21171875 0.375 0.0703125 0.1046875
1 0.28359375 0.1203125 0.078125 0.125
1 0.3390625 0.22109375 0.0578125 0.1140625
1 0.2875 0.35078125 0.0671875 0.1171875