1 0.34765625 0.73828125 0.0234375 0.0375
1 0.37890625 0.7421875 0.0421875 0.0515625
1 0.40078125 0.71171875 0.0359375 0.0703125
1 0.42421875 0.684375 0.01875 0.0625
0 0.684375 0.4203125 0.0671875 0.109375
0 0.7 0.49765625 0.090625 0.0921875
0 0.721875 0.59453125 0.0546875 0.0625
0 0.765625 0.65234375 0.06875 0.0734375
0 0.7578125 0.76171875 0.06875 0.140625
0 0.83203125 0.725 0.0640625 0.0921875
0 0.84140625 0.65859375 0.0765625 0.146875
0 0.9171875 0.690625 0.0609375 0.09375
0 0.88828125 0.7890625 0.025 0.0484375
0 0.9375 0.79765625 0.01875 0.05625
0 0.478125 0.22734375 0.05 0.0671875
0 0.53046875 0.17578125 0.06875 0.0953125
0 0.571875 0.1046875 0.0578125 0.0890625
0 0.61171875 0.2109375 0.0625 0.0859375
0 0.653125 0.12109375 0.0953125 0.1015625
0 0.78828125 0.26484375 0.1296875 0.284375
0 0.68671875 0.27890625 0.1171875 0.125
1 0.94296875 0.06171875 0.1015625 0.1109375
1 0.95546875 0.16640625 0.0890625 0.153125
1 0.9515625 0.33984375 0.096875 0.1515625
1 0.934375 0.478125 0.125 0.16875
0 0.27265625 0.20859375 0.05625 0.0640625
0 0.33203125 0.1609375 0.078125 0.0953125
0 0.35234375 0.3421875 0.05 0.0546875
0 0.38828125 0.32109375 0.0390625 0.053125
0 0.4390625 0.11328125 0.0703125 0.0859375