1 0.80390625 0.58671875 0.0640625 0.1234375
1 0.7875 0.6921875 0.0671875 0.1328125
1 0.84921875 0.76484375 0.0640625 0.1328125
1 0.8984375 0.83515625 0.05625 0.125
1 0.2109375 0.27265625 0.090625 0.1265625
1 0.28828125 0.353125 0.090625 0.146875
1 0.36328125 0.40625 0.0640625 0.0921875
0 0.08828125 0.4421875 0.0625 0.13125
0 0.31015625 0.52109375 0.0375 0.109375
0 0.34296875 0.575 0.0453125 0.090625
0 0.3796875 0.6234375 0.0515625 0.10625
0 0.42734375 0.55 0.0359375 0.090625
0 0.41875 0.64296875 0.034375 0.0703125