0 0.5875 0.0828125 0.1265625 0.165625
0 0.7234375 0.0828125 0.1484375 0.1625
0 0.590625 0.22265625 0.1046875 0.153125
0 0.721875 0.253125 0.1359375 0.146875
0 0.72265625 0.4140625 0.1265625 0.146875
0 0.72734375 0.55546875 0.1171875 0.1015625
0 0.7328125 0.621875 0.05625 0.0671875
0 0.79609375 0.66328125 0.05625 0.0703125
0 0.83828125 0.703125 0.0453125 0.06875
0 0.88203125 0.7265625 0.0390625 0.0703125
0 0.8171875 0.59140625 0.084375 0.0984375
0 0.8328125 0.08828125 0.0765625 0.1671875
0 0.6359375 0.45703125 0.0421875 0.0984375
0 0.3671875 0.3484375 0.053125 0.0515625
0 0.515625 0.20546875 0.0609375 0.1078125
0 0.74453125 0.78828125 0.0359375 0.09375
0 0.7078125 0.86796875 0.03125 0.0546875
1 0.965625 0.07265625 0.0640625 0.1421875
1 0.953125 0.2140625 0.08125 0.171875
1 0.446875 0.15078125 0.0546875 0.0859375
1 0.33125 0.271875 0.0453125 0.06875
1 0.3890625 0.73828125 0.0390625 0.0484375
1 0.346875 0.75390625 0.03125 0.05
1 0.53828125 0.36640625 0.0546875 0.08125
1 0.5 0.396875 0.053125 0.0984375
1 0.546875 0.4453125 0.04375 0.084375
1 0.525 0.53203125 0.0453125 0.0859375