1 0.8140625 0.253125 0.03125 0.0625
1 0.7140625 0.05 0.06875 0.090625
1 0.72265625 0.13125 0.06875 0.10625
1 0.703125 0.1953125 0.0984375 0.09375
1 0.48515625 0.0828125 0.053125 0.1625
1 0.53359375 0.109375 0.0640625 0.128125
1 0.5 0.23125 0.1359375 0.1859375
1 0.42421875 0.0859375 0.10625 0.1484375
1 0.33046875 0.078125 0.1234375 0.1421875
1 0.22421875 0.0890625 0.1328125 0.1640625
1 0.2328125 0.334375 0.0796875 0.115625
1 0.2984375 0.303125 0.084375 0.1078125
1 0.240625 0.45390625 0.10625 0.13125
1 0.1140625 0.06953125 0.084375 0.125
1 0.38203125 0.22109375 0.1609375 0.125
1 0.22578125 0.21484375 0.084375 0.071875
0 0.37890625 0.48828125 0.065625 0.11875
0 0.4359375 0.5125 0.0671875 0.1015625
0 0.50703125 0.39921875 0.0453125 0.1390625
0 0.5984375 0.3609375 0.0390625 0.0765625
0 0.63671875 0.3140625 0.046875 0.0734375
0 0.36484375 0.5765625 0.0828125 0.0984375
0 0.275 0.584375 0.071875 0.1046875
0 0.3015625 0.653125 0.0453125 0.0796875
0 0.3359375 0.6484375 0.03125 0.065625
0 0.196875 0.55625 0.0265625 0.0421875
0 0.60234375 0.6171875 0.028125 0.0328125
0 0.709375 0.45078125 0.025 0.0390625
0 0.66171875 0.51015625 0.0203125 0.0265625