1 0.14921875 0.03984375 0.0828125 0.0796875
1 0.22890625 0.0640625 0.0734375 0.1140625
1 0.3046875 0.059375 0.0609375 0.1046875
1 0.371875 0.06171875 0.0609375 0.1
1 0.165625 0.10078125 0.05625 0.0859375
1 0.21640625 0.1890625 0.090625 0.1109375
1 0.3140625 0.18359375 0.0953125 0.125
1 0.40546875 0.1890625 0.075 0.121875
1 0.43828125 0.06171875 0.0625 0.1078125
1 0.50859375 0.0671875 0.0609375 0.1203125
1 0.48828125 0.19765625 0.078125 0.11875
1 0.5625 0.0625 0.0671875 0.10625
1 0.61484375 0.0578125 0.0703125 0.096875
1 0.66953125 0.04453125 0.0625 0.0796875
1 0.71953125 0.04609375 0.0515625 0.078125
1 0.2015625 0.2609375 0.04375 0.0625
1 0.26484375 0.33359375 0.06875 0.1578125
1 0.3265625 0.3125 0.046875 0.115625
1 0.39140625 0.2640625 0.1015625 0.1
1 0.428125 0.34453125 0.0640625 0.103125
1 0.453125 0.40859375 0.04375 0.0609375
1 0.42421875 0.44375 0.0421875 0.065625
1 0.3078125 0.45546875 0.0609375 0.1234375
1 0.2203125 0.4046875 0.0921875 0.103125
1 0.1984375 0.478125 0.0671875 0.0828125
1 0.53359375 0.29296875 0.04375 0.096875
1 0.6984375 0.1125 0.0546875 0.1046875
1 0.7484375 0.1078125 0.040625 0.0640625
1 0.6875 0.175 0.0984375 0.109375
1 0.44453125 0.49140625 0.0359375 0.059375
1 0.47890625 0.45390625 0.03125 0.05625
0 0.2890625 0.609375 0.059375 0.11875
0 0.3359375 0.5984375 0.0515625 0.1171875
0 0.37265625 0.54921875 0.0609375 0.1
0 0.303125 0.66484375 0.0421875 0.0671875
0 0.6015625 0.3546875 0.040625 0.06875
0 0.63046875 0.32109375 0.028125 0.0671875
0 0.65546875 0.30078125 0.034375 0.0671875
0 0.50546875 0.39375 0.0390625 0.05625
0 0.51953125 0.44609375 0.021875 0.05
0 0.6046875 0.61171875 0.0296875 0.046875
0 0.66484375 0.50859375 0.025 0.0328125
0 0.71171875 0.45078125 0.01875 0.028125
0 0.4765625 0.60078125 0.0375 0.1015625
0 0.5125 0.565625 0.04375 0.0671875
0 0.2640625 0.5359375 0.0359375 0.071875
0 0.415625 0.6640625 0.0265625 0.0765625
0 0.19453125 0.5515625 0.0265625 0.04375