1 0.025 0.77265625 0.0375 0.4421875
1 0.1 0.7953125 0.1078125 0.409375
1 0.1859375 0.8046875 0.0609375 0.390625
1 0.246875 0.8640625 0.0546875 0.2640625
1 0.28515625 0.8921875 0.078125 0.2078125
1 0.20703125 0.596875 0.046875 0.0765625
1 0.37734375 0.92578125 0.0953125 0.1328125
1 0.4171875 0.81328125 0.071875 0.1
1 0.4671875 0.75546875 0.071875 0.1109375
1 0.5390625 0.815625 0.06875 0.109375
1 0.60546875 0.803125 0.059375 0.165625
1 0.484375 0.93125 0.0921875 0.125
1 0.678125 0.9390625 0.278125 0.121875
1 0.6859375 0.84140625 0.0953125 0.1109375
1 0.76640625 0.87265625 0.0484375 0.103125
1 0.85234375 0.9546875 0.0453125 0.090625
1 0.959375 0.834375 0.065625 0.1578125
1 0.96484375 0.95625 0.0484375 0.0484375
0 0.53125 0.3390625 0.015625 0.0765625
0 0.5296875 0.43203125 0.0296875 0.0703125
0 0.528125 0.52578125 0.046875 0.1171875
0 0.503125 0.6125 0.046875 0.0671875
0 0.5453125 0.62890625 0.0328125 0.065625
0 0.53515625 0.70625 0.078125 0.09375