0 0.52421875 0.334375 0.025 0.05625
0 0.5234375 0.39765625 0.0296875 0.053125
0 0.52734375 0.47109375 0.0453125 0.0484375
0 0.52578125 0.5375 0.05625 0.075
0 0.52578125 0.64140625 0.0625 0.1
1 0.01953125 0.52578125 0.0328125 0.1375
1 0.08046875 0.56015625 0.09375 0.125
1 0.17109375 0.60546875 0.0796875 0.1453125
1 0.18515625 0.51171875 0.0625 0.0640625
1 0.11015625 0.7984375 0.209375 0.3984375
1 0.2359375 0.7109375 0.046875 0.1546875
1 0.28046875 0.73515625 0.0375 0.121875
1 0.33828125 0.77890625 0.0671875 0.078125
1 0.346875 0.8953125 0.253125 0.209375
1 0.42265625 0.75 0.0984375 0.084375
1 0.44609375 0.6875 0.084375 0.0609375
1 0.5671875 0.7875 0.1640625 0.1140625
1 0.68515625 0.796875 0.0671875 0.1484375
1 0.7359375 0.81953125 0.0328125 0.0828125
1 0.815625 0.91953125 0.0953125 0.15625
1 0.54765625 0.9234375 0.1359375 0.153125
1 0.6921875 0.93359375 0.1734375 0.125
1 0.5828125 0.7 0.0421875 0.05