1 0.8109375 0.071875 0.1015625 0.14375
1 0.92734375 0.0828125 0.1234375 0.1515625
1 0.775 0.17109375 0.0890625 0.1125
1 0.703125 0.21015625 0.065625 0.1296875
1 0.69140625 0.3265625 0.08125 0.11875
1 0.7765625 0.2859375 0.065625 0.1
1 0.85625 0.20546875 0.0546875 0.0859375
1 0.94296875 0.23125 0.0984375 0.115625
1 0.86171875 0.31171875 0.0875 0.1046875
1 0.95234375 0.36875 0.0765625 0.1296875
1 0.63125 0.353125 0.03125 0.0625
1 0.61953125 0.440625 0.0515625 0.0796875
1 0.68046875 0.44609375 0.0578125 0.096875
1 0.75 0.45859375 0.04375 0.0953125
1 0.80859375 0.415625 0.059375 0.109375
1 0.87890625 0.45390625 0.065625 0.13125
1 0.953125 0.5171875 0.0609375 0.1375
1 0.62578125 0.53046875 0.0796875 0.096875
1 0.7078125 0.54609375 0.090625 0.078125
1 0.790625 0.56875 0.06875 0.0875
1 0.8125 0.49609375 0.0640625 0.0390625
1 0.875 0.5734375 0.084375 0.09375
1 0.60078125 0.62265625 0.0859375 0.0796875
1 0.7015625 0.62578125 0.10625 0.0859375
1 0.8046875 0.6578125 0.0875 0.075
1 0.8984375 0.6640625 0.075 0.0765625
1 0.5328125 0.70078125 0.065625 0.0890625
1 0.4734375 0.71953125 0.053125 0.0921875
1 0.41875 0.7328125 0.0578125 0.0890625
1 0.6125 0.725 0.090625 0.1078125
1 0.7109375 0.72890625 0.0921875 0.1
1 0.8078125 0.74921875 0.0890625 0.090625
1 0.89765625 0.76015625 0.071875 0.0875
1 0.9734375 0.65 0.0515625 0.09375
1 0.9734375 0.7625 0.046875 0.08125
1 0.40234375 0.82109375 0.05625 0.0875
1 0.47265625 0.82109375 0.0609375 0.0875
1 0.54296875 0.80859375 0.0578125 0.0875
1 0.6234375 0.8265625 0.090625 0.084375
1 0.73828125 0.85078125 0.1171875 0.1109375
1 0.8453125 0.85859375 0.0875 0.103125
1 0.94453125 0.85546875 0.1015625 0.0859375
1 0.38828125 0.93125 0.0859375 0.121875
1 0.48046875 0.93359375 0.0875 0.125
1 0.571875 0.93125 0.06875 0.121875
1 0.65 0.93359375 0.071875 0.1109375
1 0.74453125 0.95625 0.10625 0.0859375
1 0.84921875 0.96015625 0.084375 0.071875
1 0.9421875 0.95703125 0.09375 0.08125