1 0.38359375 0.396875 0.0703125 0.128125
1 0.43671875 0.44375 0.0609375 0.0953125
1 0.3859375 0.75078125 0.071875 0.13125
1 0.45 0.77578125 0.0578125 0.1375
1 0.575 0.35234375 0.0546875 0.1390625
1 0.6015625 0.28828125 0.0515625 0.1015625
0 0.275 0.4328125 0.078125 0.14375
0 0.26171875 0.59453125 0.0734375 0.159375
0 0.28828125 0.71953125 0.0671875 0.140625
0 0.3875 0.60078125 0.0578125 0.146875
0 0.453125 0.66171875 0.0453125 0.078125
0 0.0234375 0.34453125 0.034375 0.084375
0 0.04140625 0.2890625 0.028125 0.06875
0 0.01640625 0.42578125 0.03125 0.0640625